x=2^5/(2^5-1)

x =

    1.0323

>> y=(1-1/2^5)^-1

y =

    1.0323

>> isequal(x,y)

ans =

  logical

   1
