>> U = triu(A)

U =

     7     4     5     7    10     3
     0     8     7     7     4     6
     0     0     8     2     6     7
     0     0     0     2     3     9
     0     0     0     0     8    10

--------------------------------------------------------------------------------------------

>> L = tril(A)

L =

     7     0     0     0     0     0
     4     8     0     0     0     0
    10     8     8     0     0     0
     1     2     8     2     0     0
     5     5     3     5     8     0
