>> A=randi(10,5,6)

A =

     7     4     5     7    10     3
     4     8     7     7     4     6
    10     8     8     2     6     7
     1     2     8     2     3     9
     5     5     3     5     8    10
