>> b=5*ones(3,4)

b =

     5     5     5     5
     5     5     5     5
     5     5     5     5
