>> a=rand(10,10)

a =

    0.3111    0.5949    0.0855    0.9631    0.0377    0.1068    0.0305    0.1829    0.0596    0.6596
    0.9234    0.2622    0.2625    0.5468    0.8852    0.6538    0.7441    0.2399    0.6820    0.5186
    0.4302    0.6028    0.8010    0.5211    0.9133    0.4942    0.5000    0.8865    0.0424    0.9730
    0.1848    0.7112    0.0292    0.2316    0.7962    0.7791    0.4799    0.0287    0.0714    0.6490
    0.9049    0.2217    0.9289    0.4889    0.0987    0.7150    0.9047    0.4899    0.5216    0.8003
    0.9797    0.1174    0.7303    0.6241    0.2619    0.9037    0.6099    0.1679    0.0967    0.4538
    0.4389    0.2967    0.4886    0.6791    0.3354    0.8909    0.6177    0.9787    0.8181    0.4324
    0.1111    0.3188    0.5785    0.3955    0.6797    0.3342    0.8594    0.7127    0.8175    0.8253
    0.2581    0.4242    0.2373    0.3674    0.1366    0.6987    0.8055    0.5005    0.7224    0.0835
    0.4087    0.5079    0.4588    0.9880    0.7212    0.1978    0.5767    0.4711    0.1499    0.1332

-------------------------------------------------------------------------------------------------------------------------

>> a=a*100

a =

   31.1102   59.4896    8.5516   96.3089    3.7739   10.6762    3.0541   18.2922    5.9619   65.9605
   92.3380   26.2212   26.2482   54.6806   88.5168   65.3757   74.4074   23.9932   68.1972   51.8595
   43.0207   60.2843   80.1015   52.1136   91.3287   49.4174   50.0022   88.6512    4.2431   97.2975
   18.4816   71.1216    2.9220   23.1594   79.6184   77.9052   47.9922    2.8674    7.1445   64.8991
   90.4881   22.1747   92.8854   48.8898    9.8712   71.5037   90.4722   48.9901   52.1650   80.0331
   97.9748   11.7418   73.0331   62.4060   26.1871   90.3721   60.9867   16.7927    9.6730   45.3798
   43.8870   29.6676   48.8609   67.9136   33.5357   89.0923   61.7666   97.8681   81.8149   43.2392
   11.1119   31.8778   57.8525   39.5515   67.9728   33.4163   85.9442   71.2694   81.7547   82.5314
   25.8065   42.4167   23.7284   36.7437   13.6553   69.8746   80.5489   50.0472   72.2440    8.3470
   40.8720   50.7858   45.8849   98.7982   72.1227   19.7810   57.6722   47.1088   14.9865   13.3171

-------------------------------------------------------------------------------------------------------------------------

>> a(a<10)=0

a =

   31.1102   59.4896         0   96.3089         0   10.6762         0   18.2922         0   65.9605
   92.3380   26.2212   26.2482   54.6806   88.5168   65.3757   74.4074   23.9932   68.1972   51.8595
   43.0207   60.2843   80.1015   52.1136   91.3287   49.4174   50.0022   88.6512         0   97.2975
   18.4816   71.1216         0   23.1594   79.6184   77.9052   47.9922         0         0   64.8991
   90.4881   22.1747   92.8854   48.8898         0   71.5037   90.4722   48.9901   52.1650   80.0331
   97.9748   11.7418   73.0331   62.4060   26.1871   90.3721   60.9867   16.7927         0   45.3798
   43.8870   29.6676   48.8609   67.9136   33.5357   89.0923   61.7666   97.8681   81.8149   43.2392
   11.1119   31.8778   57.8525   39.5515   67.9728   33.4163   85.9442   71.2694   81.7547   82.5314
   25.8065   42.4167   23.7284   36.7437   13.6553   69.8746   80.5489   50.0472   72.2440         0
   40.8720   50.7858   45.8849   98.7982   72.1227   19.7810   57.6722   47.1088   14.9865   13.3171

------------------------------------------------------------------------------------------------------------------------

>> v=a(a>=30 & a<=50)

v =

   31.1102
   43.0207
   43.8870
   40.8720
   31.8778
   42.4167
   48.8609
   45.8849
   48.8898
   39.5515
   36.7437
   33.5357
   49.4174
   33.4163
   47.9922
   48.9901
   47.1088
   45.3798
   43.2392
