>> A(2:3,1:5)

ans =

    0.3909    0.9841    0.4228    0.1280    0.8555
    0.8314    0.1672    0.5479    0.9991    0.6448
