>> A=rand(12,10)

A =

  Columns 1 through 4

    0.1734    0.0155    0.2691    0.1781
    0.3909    0.9841    0.4228    0.1280
    0.8314    0.1672    0.5479    0.9991
    0.8034    0.1062    0.9427    0.1711
    0.0605    0.3724    0.4177    0.0326
    0.3993    0.1981    0.9831    0.5612
    0.5269    0.4897    0.3015    0.8819
    0.4168    0.3395    0.7011    0.6692
    0.6569    0.9516    0.6663    0.1904
    0.6280    0.9203    0.5391    0.3689
    0.2920    0.0527    0.6981    0.4607
    0.4317    0.7379    0.6665    0.9816

  Columns 5 through 8

    0.1564    0.2518    0.8178    0.6959
    0.8555    0.2904    0.2607    0.6999
    0.6448    0.6171    0.5944    0.6385
    0.3763    0.2653    0.0225    0.0336
    0.1909    0.8244    0.4253    0.0688
    0.4283    0.9827    0.3127    0.3196
    0.4820    0.7302    0.1615    0.5309
    0.1206    0.3439    0.1788    0.6544
    0.5895    0.5841    0.4229    0.4076
    0.2262    0.1078    0.0942    0.8200
    0.3846    0.9063    0.5985    0.7184
    0.5830    0.8797    0.4709    0.9686

  Columns 9 through 10

    0.5313    0.4574
    0.3251    0.8754
    0.1056    0.5181
    0.6110    0.9436
    0.7788    0.6377
    0.4235    0.9577
    0.0908    0.2407
    0.2665    0.6761
    0.1537    0.2891
    0.2810    0.6718
    0.4401    0.6951
    0.5271    0.0680
---------------------------------------------------------------------------------------------------

>> disp(A)
  Columns 1 through 4

    0.1734    0.0155    0.2691    0.1781
    0.3909    0.9841    0.4228    0.1280
    0.8314    0.1672    0.5479    0.9991
    0.8034    0.1062    0.9427    0.1711
    0.0605    0.3724    0.4177    0.0326
    0.3993    0.1981    0.9831    0.5612
    0.5269    0.4897    0.3015    0.8819
    0.4168    0.3395    0.7011    0.6692
    0.6569    0.9516    0.6663    0.1904
    0.6280    0.9203    0.5391    0.3689
    0.2920    0.0527    0.6981    0.4607
    0.4317    0.7379    0.6665    0.9816

  Columns 5 through 8

    0.1564    0.2518    0.8178    0.6959
    0.8555    0.2904    0.2607    0.6999
    0.6448    0.6171    0.5944    0.6385
    0.3763    0.2653    0.0225    0.0336
    0.1909    0.8244    0.4253    0.0688
    0.4283    0.9827    0.3127    0.3196
    0.4820    0.7302    0.1615    0.5309
    0.1206    0.3439    0.1788    0.6544
    0.5895    0.5841    0.4229    0.4076
    0.2262    0.1078    0.0942    0.8200
    0.3846    0.9063    0.5985    0.7184
    0.5830    0.8797    0.4709    0.9686

  Columns 9 through 10

    0.5313    0.4574
    0.3251    0.8754
    0.1056    0.5181
    0.6110    0.9436
    0.7788    0.6377
    0.4235    0.9577
    0.0908    0.2407
    0.2665    0.6761
    0.1537    0.2891
    0.2810    0.6718
    0.4401    0.6951
    0.5271    0.0680 
