>> a=rand(10,10)

a =

    0.8147    0.1576    0.6557    0.7060    0.4387    0.2760    0.7513    0.8407    0.3517    0.0759
    0.9058    0.9706    0.0357    0.0318    0.3816    0.6797    0.2551    0.2543    0.8308    0.0540
    0.1270    0.9572    0.8491    0.2769    0.7655    0.6551    0.5060    0.8143    0.5853    0.5308
    0.9134    0.4854    0.9340    0.0462    0.7952    0.1626    0.6991    0.2435    0.5497    0.7792
    0.6324    0.8003    0.6787    0.0971    0.1869    0.1190    0.8909    0.9293    0.9172    0.9340
    0.0975    0.1419    0.7577    0.8235    0.4898    0.4984    0.9593    0.3500    0.2858    0.1299
    0.2785    0.4218    0.7431    0.6948    0.4456    0.9597    0.5472    0.1966    0.7572    0.5688
    0.5469    0.9157    0.3922    0.3171    0.6463    0.3404    0.1386    0.2511    0.7537    0.4694
    0.9575    0.7922    0.6555    0.9502    0.7094    0.5853    0.1493    0.6160    0.3804    0.0119
    0.9649    0.9595    0.1712    0.0344    0.7547    0.2238    0.2575    0.4733    0.5678    0.3371

>> a=a*100

a =

   81.4724   15.7613   65.5741   70.6046   43.8744   27.6025   75.1267   84.0717   35.1660    7.5854
   90.5792   97.0593    3.5712    3.1833   38.1558   67.9703   25.5095   25.4282   83.0829    5.3950
   12.6987   95.7167   84.9129   27.6923   76.5517   65.5098   50.5957   81.4285   58.5264   53.0798
   91.3376   48.5376   93.3993    4.6171   79.5200   16.2612   69.9077   24.3525   54.9724   77.9167
   63.2359   80.0280   67.8735    9.7132   18.6873   11.8998   89.0903   92.9264   91.7194   93.4011
    9.7540   14.1886   75.7740   82.3458   48.9764   49.8364   95.9291   34.9984   28.5839   12.9906
   27.8498   42.1761   74.3132   69.4829   44.5586   95.9744   54.7216   19.6595   75.7200   56.8824
   54.6882   91.5736   39.2227   31.7099   64.6313   34.0386   13.8624   25.1084   75.3729   46.9391
   95.7507   79.2207   65.5478   95.0222   70.9365   58.5268   14.9294   61.6045   38.0446    1.1902
   96.4889   95.9492   17.1187    3.4446   75.4687 
