>> v1=linspace(0,10,5)

v1 =

         0    2.5000    5.0000    7.5000   10.0000
--------------------------------------------------------------------------------------------------------------

>> v2=logspace(1,3,5)

v2 =

   1.0e+03 *

    0.0100    0.0316    0.1000    0.3162    1.0000
