>> v1=diag([1 2 3])

v1 =

     1     0     0
     0     2     0
     0     0     3
